0 30
1 2 3 4 5 6 7 8 9 10 11 12 13 14 15 16 17 18 19 20 21 22 23 24 25 26 27 28 29 30 
1 6
0 2 5 8 13 15
2 4
1 3 4 10
3 4
4 8 9 14
4 5
0 1 2 5 15 
5 4
0 1 7 10
6 7
3 4 5 10 11 12 14
7 5
4 5 6 14 15
8 2
9 10
9 0
10 0
11 4
12 13 14 15
12 1
11
13 2
14 15
14 11
0 1 2 3 4 5 6 7 8 9 10
15 15
0 1 2 3 4 5 6 7 8 9 10 11 12 13 14
16 4
0 3 10 9
17 8
27 28 9 10 7 8 16 20
18 4
19 23 27 29
19 3
13 1 5
20 5
21 22 23 24 25
21 5
9 8 7 6 5
22 4
14 15 19 26
23 3
28 29 30
24 5
28 29 30 0 2
25 3
26 27 30
26 3
30 22 21
27 2
1 2
28 4
0 4 8 10
29 6
16 17 19 21 22 11
30 1
0