0 -> [1, 2, 3, 4, 5, 6, 7, 8, 9, 10, 11, 12, 13, 14, 15, 16, 17, 18, 19, 20, 21, 22, 23, 24, 25, 26, 27, 28, 29, 30]
1 -> [0, 2, 5, 8, 13, 15]
2 -> [1, 3, 4, 10]
3 -> [4, 8, 9, 14]
4 -> [0, 1, 2, 5, 15]
5 -> [0, 1, 7, 10]
6 -> [3, 4, 5, 10, 11, 12, 14]
7 -> [4, 5, 6, 14, 15]
8 -> [9, 10]
9 -> [none]
10 -> [none]
11 -> [12, 13, 14, 15]
12 -> [11]
13 -> [14, 15]
14 -> [0, 1, 2, 3, 4, 5, 6, 7, 8, 9, 10]
15 -> [0, 1, 2, 3, 4, 5, 6, 7, 8, 9, 10, 11, 12, 13, 14]
16 -> [0, 3, 9, 10]
17 -> [7, 8, 9, 10, 16, 20, 27, 28]
18 -> [19, 23, 27, 29]
19 -> [1, 5, 13]
20 -> [21, 22, 23, 24, 25]
21 -> [5, 6, 7, 8, 9]
22 -> [14, 15, 19, 26]
23 -> [28, 29, 30]
24 -> [0, 2, 28, 29, 30]
25 -> [26, 27, 30]
26 -> [21, 22, 30]
27 -> [1, 2]
28 -> [0, 4, 8, 10]
29 -> [11, 16, 17, 19, 21, 22]
30 -> [0]
